  21    1    0    0    3    0    1
   0   17    1    9    2    6    5
   0    0   29    0    2    0    1
   2    8    0   22    4    6    6
   0    5    4    6   14    4    7
   1    6    1    3    5   29    8
   0    0    1    0    3    4   31
   25    0    0    0    0    0    1
    0   20    0    4    2    9    5
    0    0   26    0    3    2    1
    2    6    3   22    4    7    4
    1    3    1    3   18    3   11
    1    6    1    7    3   28    7
    0    0    1    1    2    2   32
   25    0    0    0    0    0    1
    0   20    0    4    2    9    5
    0    0   26    0    3    2    1
    2    6    3   22    4    7    4
    1    3    1    3   18    3   11
    1    6    1    7    3   28    7
    0    0    1    1    2    2   32
   24    0    0    1    0    0    1
    0   22    0    7    5    7    0
    0    1   26    2    1    1    1
    2    9    3   17   10    3    5
    0    6    3    5   11    7    9
    1    7    3    6    3   27    6
    2    3    1    1    1    1   30
   23    0    1    0    0    1    1
    1   16    2    7    2    7    6
    0    0   27    0    2    2    1
    4    4    1   22    5    8    4
    0    5    1    4   16    3   12
    0    5    2    4    4   28   10
    0    4    0    1    0    3   31